6 2
1.0 2.0 A
1.5 1.8 A
5.0 8.0 B
6.0 9.0 B
1.0 0.6 A
5.5 9.5 B


0.0000 0.3914 5.9263 7.2239 0.5149 6.9429
0.3914 0.0000 5.5349 6.8325 0.9063 6.5515
5.9263 5.5349 0.0000 1.2977 6.4411 1.0166
7.2239 6.8325 1.2977 0.0000 7.7388 0.2811
0.5149 0.9063 6.4411 7.7388 0.0000 7.4577
6.9429 6.5515 1.0166 0.2811 7.4577 0.0000